Failed (?) attaempt to guess sector by stock performance, altering cluster (sector) amount did nothing.

3 Clusters:

Train:
Cluster 2: [0, 4, 5, 7, 10, 12, 16, 17, 18, 20, 23, 28, 37, 39, 41, 46, 48, 56, 59, 62, 64, 65, 66, 67, 68, 70, 71, 76, 79, 82, 85, 86, 88, 89]
Cluster 3: [1, 3, 9, 11, 13, 14, 15, 19, 22, 25, 26, 27, 29, 31, 32, 33, 34, 36, 38, 40, 42, 43, 47, 49, 51, 52, 53, 54, 55, 61, 63, 72, 73, 75, 77, 80, 81, 84, 87, 91]
Cluster 1: [2, 6, 8, 21, 24, 30, 35, 44, 45, 50, 57, 58, 60, 69, 74, 78, 83, 90]

Test:
Cluster 2: [0, 5, 6, 8, 9, 12, 13, 17, 18, 20, 22, 23, 26, 27, 28, 29, 32, 34, 35, 37, 45, 48, 49, 50, 55, 56, 57, 59, 60]
Cluster 1: [1, 2, 3, 4, 7, 10, 11, 14, 15, 16, 19, 21, 24, 25, 31, 33, 36, 38, 39, 40, 41, 42, 43, 44, 46, 47, 51, 52, 53, 54, 58]
Cluster 3: [30]

5 Clusters:

Train:
Cluster 4: [0, 10, 16, 17, 18, 23, 26, 36, 37, 39, 41, 52, 55, 56, 59, 62, 65, 66, 80, 81, 82, 85]
Cluster 5: [1, 3, 9, 13, 14, 19, 22, 32, 33, 40, 42, 43, 54, 61, 63, 72, 73, 75, 77, 84, 91]
Cluster 3: [2, 6, 8, 11, 21, 24, 35, 44, 50, 58, 60, 69, 74, 78, 90]
Cluster 2: [4, 5, 7, 12, 20, 28, 46, 48, 64, 67, 68, 70, 71, 76, 79, 86, 88, 89]
Cluster 1: [15, 25, 27, 29, 30, 31, 34, 38, 45, 47, 49, 51, 53, 57, 83, 87]

Test:
Cluster 2: [0, 4, 6, 8, 9, 11, 12, 13, 18, 20, 22, 23, 26, 28, 29, 32, 35, 37, 45, 48, 55, 56, 57, 59, 60]
Cluster 5: [1, 7, 10, 15, 16, 17, 21, 25, 27, 31, 33, 34, 39, 40, 42, 46, 49, 50, 51, 52, 53, 58]
Cluster 4: [2, 3, 5, 14, 19, 24, 36, 44, 47, 54]
Cluster 3: [30]
Cluster 1: [38, 41, 43]

6 Clusters:

Train:
Cluster 1: [0, 4, 5, 7, 16, 17, 18, 20, 23, 26, 28, 37, 39, 41, 52, 56, 59, 62, 65, 66, 67, 85, 89]
Cluster 2: [1, 3, 9, 13, 14, 15, 19, 22, 25, 27, 29, 30, 31, 34, 38, 47, 49, 51, 53, 54, 55, 58, 60, 61, 63, 75, 77, 78, 84, 87, 90, 91]
Cluster 3: [2, 6, 8, 11, 21, 24, 35, 44, 45, 50, 57, 69, 74, 83]
Cluster 4: [10, 12, 32, 33, 36, 40, 42, 43, 46, 48, 71, 72, 79, 80, 81, 82, 86, 88]
Cluster 5: [64, 68, 70, 76]
Cluster 6: [73]

Test:
Cluster 6: [0, 6, 8, 12, 13, 18, 20, 22, 23, 28, 29, 32, 37, 50, 55, 57, 60]
Cluster 2: [1, 4, 15, 16, 17, 21, 25, 27, 33, 34, 40, 41, 42, 46, 49, 53, 58]
Cluster 3: [2, 3, 14, 19, 36, 38, 39, 44, 47, 51, 54]
Cluster 4: [5, 7, 9, 10, 11, 24, 26, 35, 43, 45, 48, 52, 56, 59]
Cluster 5: [30]
Cluster 1: [31]


20 Clusters: